                                        
    111111                     111111   
  11111111                     11111111 
1111111111        11111        111111111
  111  111   111111111111111   111  111 
          111111111111111111111         
         11111111111111111111111        
         1111       1       1111        
         11111     111     11111        
          111111111111111111111         
           1  1111     1111  1          
          11  1111111111111  11         
  1111 11111  1111111111111  11111 1111 
 111111111                     111111111
   1111111                     1111111  
     11111                     11111    





descrição: PRograma criado para cadastro de software livre.


autor: Carlos Henrique.

email: carlosh2204@hotmail.com







